COLOR
2
3cartasMismoPalo
0.0
0.5714285714285714
0.2571428571428571
0.08571428571428572
0.0761904761904762
0.0
0.0
0.0
0.0
0.009523809523809525
4cartasMismoPalo
0.0
0.8
0.0
0.0
0.13333333333333333
0.0
0.0
0.0
0.0
0.06666666666666667
ESCALERA
8
3cartEsc+1cartEnEscalerita
0.0
0.6476190476190476
0.1523809523809524
0.047619047619047616
0.1523809523809524
0.0
0.0
0.0
0.0
0.0
3cartEsc+2cartEnEscalerita+3distanciaEntreCartQueNoCambiar
0.0
0.6476190476190476
0.14285714285714285
0.05714285714285714
0.1523809523809524
0.0
0.0
0.0
0.0
0.0
3cartEsc+2cartEnEscalerita+4distanciaEntreCartQueNoCambiar
0.0
0.6476190476190476
0.14285714285714285
0.05714285714285714
0.1523809523809524
0.0
0.0
0.0
0.0
0.0
3cartEsc+3cartEnEscalerita+4DeDistEsquinasDelMazo
0.0
0.6476190476190476
0.14285714285714285
0.05714285714285714
0.1523809523809524
0.0
0.0
0.0
0.0
0.0
3cartEsc+3cartEnEscalerita+3DeDistEsquinasDelMazo
0.0
0.6476190476190476
0.14285714285714285
0.05714285714285714
0.1523809523809524
0.0
0.0
0.0
0.0
0.0
3cartEsc+3cartEnEscalerita+2DeDistEsquinasDelMazo
0.0
0.6476190476190476
0.14285714285714285
0.05714285714285714
0.1523809523809524
0.0
0.0
0.0
0.0
0.0
4cartEsc+2posRestantes
0.0
0.7333333333333333
0.0
0.0
0.26666666666666666
0.0
0.0
0.0
0.0
0.0
4cartEsc+1posRestantes
0.0
0.7333333333333333
0.0
0.0
0.26666666666666666
0.0
0.0
0.0
0.0
0.0
DOBLEPAR
3
NroDeParesYPiernas=1
0.0
0.3142857142857143
0.4
0.19047619047619047
0.0
0.0
0.08571428571428572
0.009523809523809525
0.0
0.0
NroDeParesYPiernas=2+ParDoble
0.0
0.0
0.7333333333333333
0.0
0.0
0.0
0.26666666666666666
0.0
0.0
0.0
NroDeParesYPiernas=2+Full
0.0
0.0
0.0
0.0
0.0
0.0
1.0
0.0
0.0
0.0
POKER
4
1cartaIgual
0.0
0.4747252747252747
0.27692307692307694
0.14505494505494507
0.05934065934065934
0.0
0.035164835164835165
0.008791208791208791
0.0
0.0
2cartasIguales
0.0
0.2967032967032967
0.31648351648351647
0.27692307692307694
0.0
0.0
0.08131868131868132
0.02857142857142857
0.0
0.0
3cartasIguales
0.0
0.0
0.0
0.6952380952380952
0.0
0.0
0.17142857142857143
0.13333333333333333
0.0
0.0
4cartasIguales
0.0
0.0
0.0
0.0
0.0
0.0
0.0
1.0
0.0
0.0