COLOR
2
3cartasMismoPalo
0.3076923076923077
0.5299145299145299
0.07692307692307693
0.02564102564102564
0.03133903133903134
0.02564102564102564
0.0
0.0
0.002849002849002849
0.0
4cartasMismoPalo
0.4074074074074074
0.4444444444444444
0.0
0.0
0.0
0.14814814814814814
0.0
0.0
0.0
0.0
ESCALERA
8
3cartEsc+1cartEnEscalerita
0.32193732193732194
0.5299145299145299
0.07692307692307693
0.02564102564102564
0.045584045584045586
0.0
0.0
0.0
0.0
0.0
3cartEsc+2cartEnEscalerita+3distanciaEntreCartQueNoCambiar
0.27635327635327633
0.5299145299145299
0.07692307692307693
0.02564102564102564
0.09116809116809117
0.0
0.0
0.0
0.0
0.0
3cartEsc+2cartEnEscalerita+4distanciaEntreCartQueNoCambiar
0.32193732193732194
0.5299145299145299
0.07692307692307693
0.02564102564102564
0.045584045584045586
0.0
0.0
0.0
0.0
0.0
3cartEsc+3cartEnEscalerita+4DeDistEsquinasDelMazo
0.24216524216524216
0.5299145299145299
0.07692307692307693
0.02564102564102564
0.12535612535612536
0.0
0.0
0.0
0.0
0.0
3cartEsc+3cartEnEscalerita+3DeDistEsquinasDelMazo
0.27635327635327633
0.5299145299145299
0.07692307692307693
0.02564102564102564
0.09116809116809117
0.0
0.0
0.0
0.0
0.0
3cartEsc+3cartEnEscalerita+2DeDistEsquinasDelMazo
0.32193732193732194
0.5299145299145299
0.07692307692307693
0.02564102564102564
0.045584045584045586
0.0
0.0
0.0
0.0
0.0
4cartEsc+2posRestantes
0.25925925925925924
0.4444444444444444
0.0
0.0
0.2962962962962963
0.0
0.0
0.0
0.0
0.0
4cartEsc+1posRestantes
0.4074074074074074
0.4444444444444444
0.0
0.0
0.14814814814814814
0.0
0.0
0.0
0.0
0.0
DOBLEPAR
3
NroDeParesYPiernas=1
0.0
0.5726495726495726
0.27350427350427353
0.12535612535612536
0.0
0.0
0.02564102564102564
0.002849002849002849
0.0
0.0
NroDeParesYPiernas=2+ParDoble
0.0
0.0
0.8518518518518519
0.0
0.0
0.0
0.14814814814814814
0.0
0.0
0.0
NroDeParesYPiernas=2+Full
0.0
0.0
0.0
0.0
0.0
0.0
1.0
0.0
0.0
0.0
POKER
4
1cartaIgual
0.26091168091168093
0.534017094017094
0.12615384615384614
0.06051282051282051
0.008148148148148147
7.977207977207978E-4
0.007863247863247864
0.0015384615384615385
0.0
5.698005698005698E-5
2cartasIguales
0.0
0.5398290598290598
0.24
0.18256410256410258
0.0
0.0
0.02905982905982906
0.008547008547008548
0.0
0.0
3cartasIguales
0.0
0.0
0.0
0.8233618233618234
0.0
0.0
0.10256410256410256
0.07407407407407407
0.0
0.0
4cartasIguales
0.0
0.0
0.0
0.0
0.0
0.0
0.0
1.0
0.0
0.0