COLOR
2
3cartasMismoPalo
0.4504201680672269
0.453781512605042
0.0453781512605042
0.015126050420168067
0.0
0.03529411764705882
0.0
0.0
0.0
0.0
4cartasMismoPalo
0.4857142857142857
0.34285714285714286
0.0
0.0
0.0
0.17142857142857143
0.0
0.0
0.0
0.0
ESCALERA
8
3cartEsc+1cartEnEscalerita
0.4588235294117647
0.453781512605042
0.0453781512605042
0.015126050420168067
0.02689075630252101
0.0
0.0
0.0
0.0
0.0
3cartEsc+2cartEnEscalerita+3distanciaEntreCartQueNoCambiar
0.4319327731092437
0.453781512605042
0.0453781512605042
0.015126050420168067
0.05378151260504202
0.0
0.0
0.0
0.0
0.0
3cartEsc+2cartEnEscalerita+4distanciaEntreCartQueNoCambiar
0.4588235294117647
0.453781512605042
0.0453781512605042
0.015126050420168067
0.02689075630252101
0.0
0.0
0.0
0.0
0.0
3cartEsc+3cartEnEscalerita+4DeDistEsquinasDelMazo
0.4050420168067227
0.453781512605042
0.0453781512605042
0.015126050420168067
0.08067226890756303
0.0
0.0
0.0
0.0
0.0
3cartEsc+3cartEnEscalerita+3DeDistEsquinasDelMazo
0.4319327731092437
0.453781512605042
0.0453781512605042
0.015126050420168067
0.05378151260504202
0.0
0.0
0.0
0.0
0.0
3cartEsc+3cartEnEscalerita+2DeDistEsquinasDelMazo
0.4588235294117647
0.453781512605042
0.0453781512605042
0.015126050420168067
0.02689075630252101
0.0
0.0
0.0
0.0
0.0
4cartEsc+2posRestantes
0.42857142857142855
0.34285714285714286
0.0
0.0
0.22857142857142856
0.0
0.0
0.0
0.0
0.0
4cartEsc+1posRestantes
0.5428571428571428
0.34285714285714286
0.0
0.0
0.11428571428571428
0.0
0.0
0.0
0.0
0.0
DOBLEPAR
3
NroDeParesYPiernas=1
0.0
0.6605042016806723
0.2218487394957983
0.10084033613445378
0.0
0.0
0.015126050420168067
0.0016806722689075631
0.0
0.0
NroDeParesYPiernas=2+ParDoble
0.0
0.0
0.8857142857142857
0.0
0.0
0.0
0.11428571428571428
0.0
0.0
0.0
NroDeParesYPiernas=2+Full
0.0
0.0
0.0
0.0
0.0
0.0
1.0
0.0
0.0
0.0
POKER
4
1cartaIgual
0.3748663101604278
0.4948051948051948
0.08284950343773873
0.038922841864018336
0.0027310924369747898
0.001317799847211612
0.003781512605042017
7.06646294881589E-4
0.0
1.9098548510313215E-5
2cartasIguales
0.0
0.6287242169595111
0.20076394194041253
0.14759358288770053
0.0
0.0
0.017876241405653172
0.005042016806722689
0.0
0.0
3cartasIguales
0.0
0.0
0.0
0.8621848739495799
0.0
0.0
0.08067226890756303
0.05714285714285714
0.0
0.0
4cartasIguales
0.0
0.0
0.0
0.0
0.0
0.0
0.0
1.0
0.0
0.0