COLOR
2
3cartasMismoPalo
0.4925775978407557
0.42105263157894735
0.03643724696356275
0.012145748987854251
0.0
0.037786774628879895
0.0
0.0
0.0
0.0
4cartasMismoPalo
0.5128205128205128
0.3076923076923077
0.0
0.0
0.0
0.1794871794871795
0.0
0.0
0.0
0.0
ESCALERA
8
3cartEsc+1cartEnEscalerita
0.5087719298245614
0.42105263157894735
0.03643724696356275
0.012145748987854251
0.021592442645074223
0.0
0.0
0.0
0.0
0.0
3cartEsc+2cartEnEscalerita+3distanciaEntreCartQueNoCambiar
0.48717948717948717
0.42105263157894735
0.03643724696356275
0.012145748987854251
0.043184885290148446
0.0
0.0
0.0
0.0
0.0
3cartEsc+2cartEnEscalerita+4distanciaEntreCartQueNoCambiar
0.5087719298245614
0.42105263157894735
0.03643724696356275
0.012145748987854251
0.021592442645074223
0.0
0.0
0.0
0.0
0.0
3cartEsc+3cartEnEscalerita+4DeDistEsquinasDelMazo
0.46558704453441296
0.42105263157894735
0.03643724696356275
0.012145748987854251
0.06477732793522267
0.0
0.0
0.0
0.0
0.0
3cartEsc+3cartEnEscalerita+3DeDistEsquinasDelMazo
0.48717948717948717
0.42105263157894735
0.03643724696356275
0.012145748987854251
0.043184885290148446
0.0
0.0
0.0
0.0
0.0
3cartEsc+3cartEnEscalerita+2DeDistEsquinasDelMazo
0.5087719298245614
0.42105263157894735
0.03643724696356275
0.012145748987854251
0.021592442645074223
0.0
0.0
0.0
0.0
0.0
4cartEsc+2posRestantes
0.48717948717948717
0.3076923076923077
0.0
0.0
0.20512820512820512
0.0
0.0
0.0
0.0
0.0
4cartEsc+1posRestantes
0.5897435897435898
0.3076923076923077
0.0
0.0
0.10256410256410256
0.0
0.0
0.0
0.0
0.0
DOBLEPAR
3
NroDeParesYPiernas=1
0.0
0.6923076923076923
0.20242914979757085
0.09176788124156546
0.0
0.0
0.012145748987854251
0.001349527665317139
0.0
0.0
NroDeParesYPiernas=2+ParDoble
0.0
0.0
0.8974358974358975
0.0
0.0
0.0
0.10256410256410256
0.0
0.0
0.0
NroDeParesYPiernas=2+Full
0.0
0.0
0.0
0.0
0.0
0.0
1.0
0.0
0.0
0.0
POKER
4
1cartaIgual
0.4196423143791565
0.47211584053689315
0.06893533209322683
0.032169821643505854
0.002322160216897059
0.001519738361843625
0.002772002772002772
5.10632089579458E-4
0.0
1.2157906894749E-5
2cartasIguales
0.0
0.6616697669329248
0.18514060619323777
0.13458802932487143
0.0
0.0
0.014553014553014554
0.004048582995951417
0.0
0.0
3cartasIguales
0.0
0.0
0.0
0.8758434547908233
0.0
0.0
0.0728744939271255
0.05128205128205128
0.0
0.0
4cartasIguales
0.0
0.0
0.0
0.0
0.0
0.0
0.0
1.0
0.0
0.0