COLOR
2
3cartasMismoPalo
0.5282392026578073
0.3920265780730897
0.029900332225913623
0.009966777408637873
0.0
0.03986710963455149
0.0
0.0
0.0
0.0
4cartasMismoPalo
0.5348837209302325
0.27906976744186046
0.0
0.0
0.0
0.18604651162790697
0.0
0.0
0.0
0.0
ESCALERA
8
3cartEsc+1cartEnEscalerita
0.5503875968992248
0.3920265780730897
0.029900332225913623
0.009966777408637873
0.017718715393133997
0.0
0.0
0.0
0.0
0.0
3cartEsc+2cartEnEscalerita+3distanciaEntreCartQueNoCambiar
0.5326688815060908
0.3920265780730897
0.029900332225913623
0.009966777408637873
0.035437430786267994
0.0
0.0
0.0
0.0
0.0
3cartEsc+2cartEnEscalerita+4distanciaEntreCartQueNoCambiar
0.5503875968992248
0.3920265780730897
0.029900332225913623
0.009966777408637873
0.017718715393133997
0.0
0.0
0.0
0.0
0.0
3cartEsc+3cartEnEscalerita+4DeDistEsquinasDelMazo
0.5149501661129569
0.3920265780730897
0.029900332225913623
0.009966777408637873
0.053156146179401995
0.0
0.0
0.0
0.0
0.0
3cartEsc+3cartEnEscalerita+3DeDistEsquinasDelMazo
0.5326688815060908
0.3920265780730897
0.029900332225913623
0.009966777408637873
0.035437430786267994
0.0
0.0
0.0
0.0
0.0
3cartEsc+3cartEnEscalerita+2DeDistEsquinasDelMazo
0.5503875968992248
0.3920265780730897
0.029900332225913623
0.009966777408637873
0.017718715393133997
0.0
0.0
0.0
0.0
0.0
4cartEsc+2posRestantes
0.5348837209302325
0.27906976744186046
0.0
0.0
0.18604651162790697
0.0
0.0
0.0
0.0
0.0
4cartEsc+1posRestantes
0.627906976744186
0.27906976744186046
0.0
0.0
0.09302325581395349
0.0
0.0
0.0
0.0
0.0
DOBLEPAR
3
NroDeParesYPiernas=1
0.0
0.7187153931339978
0.18604651162790697
0.08416389811738649
0.0
0.0
0.009966777408637873
0.0011074197120708748
0.0
0.0
NroDeParesYPiernas=2+ParDoble
0.0
0.0
0.9069767441860465
0.0
0.0
0.0
0.09302325581395349
0.0
0.0
0.0
NroDeParesYPiernas=2+Full
0.0
0.0
0.0
0.0
0.0
0.0
1.0
0.0
0.0
0.0
POKER
4
1cartaIgual
0.4597358398833158
0.4497204440482943
0.05819625638116846
0.02701563892715339
0.001158739162142452
0.001693541852362045
0.0020905923344947735
3.8084434000486186E-4
0.0
8.103071063933231E-6
2cartasIguales
0.0
0.6893282554087999
0.17162304513410584
0.1236528644356211
0.0
0.0
0.012073575885260514
0.0033222591362126247
0.0
0.0
3cartasIguales
0.0
0.0
0.0
0.8870431893687708
0.0
0.0
0.0664451827242525
0.046511627906976744
0.0
0.0
4cartasIguales
0.0
0.0
0.0
0.0
0.0
0.0
0.0
1.0
0.0
0.0