COLOR
2
3cartasMismoPalo
0.6244218316373727
0.3145235892691952
0.014801110083256245
0.004125346901017576
0.0
0.041628122109158186
0.0
0.0
0.0005
0.0
4cartasMismoPalo
0.574468085106383
0.23404255319148937
0.0
0.0
0.0
0.19118936170212766
0.0
0.0
0.0023
0.0
ESCALERA
8
3cartEsc+1cartEnEscalerita
0.5855689176688251
0.36632747456059206
0.02497687326549491
0.008325624421831638
0.014801110083256245
0.0
0.0
0.0
0.0
0.0
3cartEsc+2cartEnEscalerita+3distanciaEntreCartQueNoCambiar
0.5707678075855689
0.36632747456059206
0.02497687326549491
0.008325624421831638
0.02960222016651249
0.0
0.0
0.0
0.0
0.0
3cartEsc+2cartEnEscalerita+4distanciaEntreCartQueNoCambiar
0.5855689176688251
0.36632747456059206
0.02497687326549491
0.008325624421831638
0.014801110083256245
0.0
0.0
0.0
0.0
0.0
3cartEsc+3cartEnEscalerita+4DeDistEsquinasDelMazo
0.5559666975023126
0.36632747456059206
0.02497687326549491
0.008325624421831638
0.04440333024976873
0.0
0.0
0.0
0.0
0.0
3cartEsc+3cartEnEscalerita+3DeDistEsquinasDelMazo
0.5707678075855689
0.36632747456059206
0.02497687326549491
0.008325624421831638
0.02960222016651249
0.0
0.0
0.0
0.0
0.0
3cartEsc+3cartEnEscalerita+2DeDistEsquinasDelMazo
0.5855689176688251
0.36632747456059206
0.02497687326549491
0.008325624421831638
0.014801110083256245
0.0
0.0
0.0
0.0
0.0
4cartEsc+2posRestantes
0.574468085106383
0.2553191489361702
0.0
0.0
0.1702127659574468
0.0
0.0
0.0
0.0
0.0
4cartEsc+1posRestantes
0.6595744680851063
0.2553191489361702
0.0
0.0
0.0851063829787234
0.0
0.0
0.0
0.0
0.0
DOBLEPAR
3
NroDeParesYPiernas=1
0.0
0.7409805735430157
0.17206290471785385
0.07770582793709528
0.0
0.0
0.008325624421831638
9.250693802035153E-4
0.0
0.0
NroDeParesYPiernas=2+ParDoble
0.0
0.0
0.9148936170212766
0.0
0.0
0.0
0.0851063829787234
0.0
0.0
0.0
NroDeParesYPiernas=2+Full
0.0
0.0
0.0
0.0
0.0
0.0
1.0
0.0
0.0
0.0
POKER
4
1cartaIgual
0.49367400274717576
0.42829030359095116
0.049751913211672695
0.022997785439968603
0.0024296526784963418
0.001844532279314888
0.0016146665545370448
2.915370167914109E-4
5.606481092142517E-6
0.0
2cartasIguales
0.0
0.7128584643848289
0.15985198889916744
0.11433857539315449
0.0
0.0
0.010175763182238668
0.0027752081406105457
0.0
0.0
3cartasIguales
0.0
0.0
0.0
0.8963922294172063
0.0
0.0
0.06105457909343201
0.0425531914893617
0.0
0.0
4cartasIguales
0.0
0.0
0.0
0.0
0.0
0.0
0.0
1.0
0.0
0.0


