COLOR
2
3cartasMismoPalo
0.17543859649122806
0.5964912280701754
0.15789473684210525
0.05263157894736842
0.0
0.017543859649122806
0.0
0.0
0.0
0.0
4cartasMismoPalo
0.10526315789473684
0.631578947368421
0.0
0.0
0.15789473684210525
0.05263157894736842
0.0
0.0
0.05263157894736842
0.0
ESCALERA
8
3cartEsc+1cartEnEscalerita
0.14035087719298245
0.6023391812865497
0.12280701754385964
0.04093567251461988
0.0935672514619883
0.0
0.0
0.0
0.0
0.0
3cartEsc+2cartEnEscalerita+3distanciaEntreCartQueNoCambiar
0.07017543859649122
0.6023391812865497
0.12280701754385964
0.04093567251461988
0.16374269005847952
0.0
0.0
0.0
0.0
0.0
3cartEsc+2cartEnEscalerita+4distanciaEntreCartQueNoCambiar
0.14035087719298245
0.6023391812865497
0.12280701754385964
0.04093567251461988
0.0935672514619883
0.0
0.0
0.0
0.0
0.0
3cartEsc+3cartEnEscalerita+4DeDistEsquinasDelMazo
0.07017543859649122
0.6023391812865497
0.12280701754385964
0.04093567251461988
0.16374269005847952
0.0
0.0
0.0
0.0
0.0
3cartEsc+3cartEnEscalerita+3DeDistEsquinasDelMazo
0.07017543859649122
0.6023391812865497
0.12280701754385964
0.04093567251461988
0.16374269005847952
0.0
0.0
0.0
0.0
0.0
3cartEsc+3cartEnEscalerita+2DeDistEsquinasDelMazo
0.14035087719298245
0.6023391812865497
0.12280701754385964
0.04093567251461988
0.0935672514619883
0.0
0.0
0.0
0.0
0.0
4cartEsc+2posRestantes
0.0
0.631578947368421
0.0
0.0
0.3684210526315789
0.0
0.0
0.0
0.0
0.0
4cartEsc+1posRestantes
0.21052631578947367
0.5789473684210527
0.0
0.0
0.21052631578947367
0.0
0.0
0.0
0.0
0.0
DOBLEPAR
3
NroDeParesYPiernas=1
0.0
0.4269005847953216
0.3508771929824561
0.16374269005847952
0.0
0.0
0.05263157894736842
0.005847953216374269
0.0
0.0
NroDeParesYPiernas=2+ParDoble
0.0
0.0
0.7894736842105263
0.0
0.0
0.0
0.21052631578947367
0.0
0.0
0.0
NroDeParesYPiernas=2+Full
0.0
0.0
0.0
0.0
0.0
0.0
1.0
0.0
0.0
0.0
POKER
4
1cartaIgual
0.1044891640866873
0.5294117647058824
0.2089783281733746
0.10474716202270382
0.02760577915376677
0.0
0.020123839009287926
0.0043859649122807015
0.0
2.5799793601651185E-4
2cartasIguales
0.0
0.3993808049535604
0.29102167182662536
0.23735810113519093
0.0
0.0
0.054695562435500514
0.017543859649122806
0.0
0.0
3cartasIguales
0.0
0.0
0.0
0.7543859649122807
0.0
0.0
0.14035087719298245
0.10526315789473684
0.0
0.0
4cartasIguales
0.0
0.0
0.0
0.0
0.0
0.0
0.0
1.0
0.0
0.0