COLOR
2
3cartasMismoPalo
0.20553359683794467
0.5691699604743083
0.1067193675889328
0.03557312252964427
0.05928853754940711
0.019762845849802372
0.0
0.0
0.003952569169960474
0.0
4cartasMismoPalo
0.34782608695652173
0.5217391304347826
0.0
0.0
0.0
0.13043478260869565
0.0
0.0
0.0
0.0
ESCALERA
8
3cartEsc+1cartEnEscalerita
0.22529644268774704
0.5691699604743083
0.1067193675889328
0.03557312252964427
0.06324110671936758
0.0
0.0
0.0
0.0
0.0
3cartEsc+2cartEnEscalerita+3distanciaEntreCartQueNoCambiar
0.17786561264822134
0.5691699604743083
0.1067193675889328
0.03557312252964427
0.11067193675889328
0.0
0.0
0.0
0.0
0.0
3cartEsc+2cartEnEscalerita+4distanciaEntreCartQueNoCambiar
0.22529644268774704
0.5691699604743083
0.1067193675889328
0.03557312252964427
0.06324110671936758
0.0
0.0
0.0
0.0
0.0
3cartEsc+3cartEnEscalerita+4DeDistEsquinasDelMazo
0.1422924901185771
0.5691699604743083
0.1067193675889328
0.03557312252964427
0.14624505928853754
0.0
0.0
0.0
0.0
0.0
3cartEsc+3cartEnEscalerita+3DeDistEsquinasDelMazo
0.17786561264822134
0.5691699604743083
0.1067193675889328
0.03557312252964427
0.11067193675889328
0.0
0.0
0.0
0.0
0.0
3cartEsc+3cartEnEscalerita+2DeDistEsquinasDelMazo
0.22529644268774704
0.5691699604743083
0.1067193675889328
0.03557312252964427
0.06324110671936758
0.0
0.0
0.0
0.0
0.0
4cartEsc+2posRestantes
0.17391304347826086
0.5217391304347826
0.0
0.0
0.30434782608695654
0.0
0.0
0.0
0.0
0.0
4cartEsc+1posRestantes
0.30434782608695654
0.5217391304347826
0.0
0.0
0.17391304347826086
0.0
0.0
0.0
0.0
0.0
DOBLEPAR
3
NroDeParesYPiernas=1
0.0
0.5098814229249012
0.308300395256917
0.1422924901185771
0.0
0.0
0.03557312252964427
0.003952569169960474
0.0
0.0
NroDeParesYPiernas=2+ParDoble
0.0
0.0
0.8260869565217391
0.0
0.0
0.0
0.17391304347826086
0.0
0.0
0.0
NroDeParesYPiernas=2+Full
0.0
0.0
0.0
0.0
0.0
0.0
1.0
0.0
0.0
0.0
POKER
4
1cartaIgual
0.19164313946922643
0.5420666290231507
0.1605872388481084
0.07837380011293055
0.012083568605307736
4.5172219085262564E-4
0.012196499153020892
0.002484472049689441
0.0
1.1293054771315641E-4
2cartasIguales
0.0
0.4782608695652174
0.264257481648786
0.20666290231507622
0.0
0.0
0.03896103896103896
0.011857707509881422
0.0
0.0
3cartasIguales
0.0
0.0
0.0
0.7944664031620553
0.0
0.0
0.11857707509881422
0.08695652173913043
0.0
0.0
4cartasIguales
0.0
0.0
0.0
0.0
0.0
0.0
0.0
1.0
0.0
0.0