COLOR
2
3cartasMismoPalo
0.36774193548387096
0.49032258064516127
0.05806451612903226
0.01935483870967742
0.03225806451612903
0.030107526881720432
0.0
0.0
0.002150537634408602
0.0
4cartasMismoPalo
0.45161290322580644
0.3870967741935484
0.0
0.0
0.0
0.16129032258064516
0.0
0.0
0.0
0.0
ESCALERA
8
3cartEsc+1cartEnEscalerita
0.3978494623655914
0.49032258064516127
0.05806451612903226
0.01935483870967742
0.034408602150537634
0.0
0.0
0.0
0.0
0.0
3cartEsc+2cartEnEscalerita+3distanciaEntreCartQueNoCambiar
0.3634408602150538
0.49032258064516127
0.05806451612903226
0.01935483870967742
0.06881720430107527
0.0
0.0
0.0
0.0
0.0
3cartEsc+2cartEnEscalerita+4distanciaEntreCartQueNoCambiar
0.3978494623655914
0.49032258064516127
0.05806451612903226
0.01935483870967742
0.034408602150537634
0.0
0.0
0.0
0.0
0.0
3cartEsc+3cartEnEscalerita+4DeDistEsquinasDelMazo
0.32903225806451614
0.49032258064516127
0.05806451612903226
0.01935483870967742
0.1032258064516129
0.0
0.0
0.0
0.0
0.0
3cartEsc+3cartEnEscalerita+3DeDistEsquinasDelMazo
0.3634408602150538
0.49032258064516127
0.05806451612903226
0.01935483870967742
0.06881720430107527
0.0
0.0
0.0
0.0
0.0
3cartEsc+3cartEnEscalerita+2DeDistEsquinasDelMazo
0.3978494623655914
0.49032258064516127
0.05806451612903226
0.01935483870967742
0.034408602150537634
0.0
0.0
0.0
0.0
0.0
4cartEsc+2posRestantes
0.3548387096774194
0.3870967741935484
0.0
0.0
0.25806451612903225
0.0
0.0
0.0
0.0
0.0
4cartEsc+1posRestantes
0.4838709677419355
0.3870967741935484
0.0
0.0
0.12903225806451613
0.0
0.0
0.0
0.0
0.0
DOBLEPAR
3
NroDeParesYPiernas=1
0.0
0.621505376344086
0.24516129032258063
0.11182795698924732
0.0
0.0
0.01935483870967742
0.002150537634408602
0.0
0.0
NroDeParesYPiernas=2+ParDoble
0.0
0.0
0.8709677419354839
0.0
0.0
0.0
0.12903225806451613
0.0
0.0
0.0
NroDeParesYPiernas=2+Full
0.0
0.0
0.0
0.0
0.0
0.0
1.0
0.0
0.0
0.0
POKER
4
1cartaIgual
0.32235817575083425
0.5163832830128714
0.1012553631018592
0.047989829969807725
0.004544732242173844
0.0010805657079294454
0.005339265850945495
0.0010170030192277134
0.0
3.1781344350866045E-5
2cartasIguales
0.0
0.5888765294771969
0.2189098998887653
0.16329254727474973
0.0
0.0
0.02246941045606229
0.0064516129032258064
0.0
0.0
3cartasIguales
0.0
0.0
0.0
0.8451612903225807
0.0
0.0
0.09032258064516129
0.06451612903225806
0.0
0.0
4cartasIguales
0.0
0.0
0.0
0.0
0.0
0.0
0.0
1.0
0.0
0.0